Background Intensity u(x,y)= 
52919223.0710 
15362141.5103 
37466403.0178 
62833745.2033 
55055376.4480 
33556182.4622 
55321273.5883 
48217173.8339 
20216731.1365 
62456585.7358 
49794633.6159 
36874452.3704 
30972967.6034 
29065169.8696 
44211114.2776 
42049085.6587 
38295795.1679 
59842815.2288 
44389976.2267 
36924868.8068 
48632717.8359 
50197706.4176 
62147696.1849 
61424732.5716 
51936756.2722 
23842512.3950 
35036204.5081 
21350649.9052 
47181520.6941 
61714034.6041 
25334182.0403 
38655624.0868 
57809477.7669 
39878780.5639 
54669195.8548 
34908902.7220 
59081768.8796 
13797101.8812 
53506395.8987 
1020774.3648 
3990380.6707 
26962006.7457 
2989070.1860 
32183216.0337 
29027394.4232 
81429785.9619 
31024058.6537 
69172272.7251 
18603601.3074 
59640496.7463 
21977446.0569 
21402307.4985 
64130900.2031 
22694881.6282 
39878780.5639 
56441939.4386 
30310150.0782 
3690239.1116 
25325706.8089 
71643724.6450 
64408989.3359 
61199503.2172 
60140179.0631 
29416044.2186 
43882485.7634 
39179043.7392 
56907017.4204 
27174209.3637 
30394051.3622 
25207901.6079 
50882747.8139 
42672309.9518 
72800043.2823 
69878730.0219 
48530663.7409 
28036338.0337 
4148732.6536 
22446683.3360 
48758222.1431 
109394729.0280 
52014684.4779 
21866471.0421 
81428531.0532 
50021151.0441 
30394051.3622 
73090126.6524 
71643724.6450 
54271077.9447 
60161014.8606 
25769169.8610 
12524124.1614 
24470896.1613 
39488303.3372 
82813913.2957 
28670384.4028 
54450123.8923 
69504790.2281 
18705880.6974 
82945462.3340 
53788480.6894 
4789608.0139 
5510390.5819 
100126706.0157 
4375730.2831 
6745287.5551 
23503078.1752 
24280090.1683 
28026929.0107 
51241554.0558 
5565066.8927 
71149857.4281 
20774041.3034 
32084743.8490 
25731913.4994 
6932189.8728 
78608243.0143 
57756197.9947 
84963819.8259 
5640523.7232 
42176171.6373 
63419858.0043 
22427842.4160 
81092317.8605 
5666424.3489 
54560577.8742 
56418635.7280 
40142156.5436 
35125977.9039 
50165081.0835 
55556590.6659 
49858049.9983 
45092887.4516 
31559847.0913 
63791344.6801 
55556590.6659 
5585029.0847 
22991727.5220 
6263281.2022 
6939223.3746 
63629362.5165 
78892718.8474 
10326851.2340 
54200586.2015 
80571271.5948 
3937750.5433 
6862872.3668 
107968716.2348 
3033258.3191 
97237454.4093 
2446669.3677 
7000899.2680 
31038157.8881 
35337396.2453 
4147039.3606 
3488876.6969 
4359085.8436 
97112613.9611 
36590106.0990 
4218297.2082 
2943666.9236 
65452607.6797 
62164049.5848 
65245824.9318 
30887415.9195 
40796323.1913 
45715431.8270 
4971401.8990 
49960381.3934 
82243368.0430 
30083320.0238 
81110173.5352 
54410434.0637 
61039423.6566 
67307069.9754 
95815357.4187 
20452136.1586 
84905725.5962 
49783435.9295 
84628144.4983 
37354195.6573 
10679500.5405 
9157568.3732 
25120205.5319 
23248812.4480 
45328924.7458 
84963819.8259 
67147139.0509 
39300806.2188 
31439796.6235 
44013558.4311 
37154549.9989 
35821998.9640 
12720858.8092 
17134084.5366 
65486555.7678 
20572332.5513 
32073182.7225 
104416029.0447 
13251674.1867 
53307094.1128 
96635993.8802 
45738508.2332 
25662288.8083 
7296630.6721 
27395185.2716 
23566442.1427 
48180298.4737 
7344363.1594 
6408217.6744 
8419311.0231 
3793151.4769 
52682349.1769 
56318176.8461 
35326499.7491 
54534620.3688 
5762249.3518 
72780257.3241 
54537030.6518 
35917184.0912 
24557943.3585 
88467555.7025 
7058746.2377 
75474664.5735 
8409180.4402 
20396331.7833 
49471276.3927 
28291467.6258 
32360110.5188 
41139195.7146 
26904438.7679 
26710371.0858 
45191851.2818 
35528880.2569 
68171318.2647 
58184955.8271 
27551012.5750 
31828924.2670 
43277398.2199 
51736511.1004 
4958177.5859 
29301717.7582 
61839812.4091 
102098218.0330 
36773951.4532 
67130522.0900 
59159030.5562 
64120362.5094 
27796160.6842 
57859403.6006 
54216867.8986 
31002011.8104 
46984410.2258 
4386784.8421 
11145203.6757 
4078606.4754 
57952990.8367 
36125237.4783 
44285994.7136 
44362652.3392 
66201774.5795 
4461844.5952 
44564667.5891 
53078692.7644 
34256508.0026 
45978318.4830 
24592930.9561 
30073723.9985 
23144052.0608 
15862191.9463 
39657939.7315 
63278051.7617 
3751398.0072 
5891538.9904 
94289040.7241 
6537250.4495 
39117307.7534 
60904004.4351 
41445544.4576 
5540266.1814 
31453682.1745 
3837907.8352 
41347533.3023 
35377339.7249 
17281021.8085 
24282996.2887 
56775608.3048 
40816424.2187 
26350729.1063 
10741939.2903 
21974031.7732 
32444370.1529 
55219614.4745 
40427877.7052 
101584233.7166 
62559649.7880 
31314149.2462 
32543520.6118 
39209015.4719 
58471004.6605 
11312870.9853 
52604547.1114 
24507660.9963 
33940174.8250 
12369645.2069 
17175850.4241 
3531846.1930 
33220483.9920 
16674208.5728 
102567310.6246 
17607054.6700 
15464521.6002 
22066747.7817 
9428137.9306 
11504272.5901 
36480122.5884 
61822468.2667 
3456693.3735 
56819279.3553 
6224455.0852 
43759767.4699 
32543365.1978 
24371909.4612 
17141083.8394 
24819006.3615 
4290703.3366 
23984882.1500 
62427355.4093 
35051532.6267 
12477354.3982 
45097329.7453 
37040374.1235 
55059206.2338 
10336522.0261 
40989289.8949 
28947037.0905 
62188276.6454 
19393991.8410 
24123220.0312 
7852840.1027 
15672948.4064 
36058052.5541 
8210884.5310 
65743376.7812 
42756167.3554 
5498511.1385 
5457766.3699 
27796160.6842 
23510039.4639 
31396677.9294 
34784960.7916 
9845547.9169 
11549653.5352 
15175988.6726 
19844958.7586 
20971172.8415 
15476806.9060 
15918235.5540 
8290758.6399 
20827424.2139 
51198000.6431 
39146532.3273 
4405368.8801 
35794047.1960 
44756226.6632 
64374751.8049 
29522991.3147 
7028592.2223 
41581739.3821 
49077119.3986 
50782578.1023 
39476248.7767 
43260087.2455 
3266017.5633 
89786870.1488 
13800900.4079 
38056391.8344 
37932367.4431 
23279097.6842 
43386783.0406 
39462030.0845 
5681689.6463 
8828313.6224 
35882231.9790 
34092908.9473 
25214637.2454 
47041071.7794 
38144562.8419 
43223362.6850 
34720151.3041 
75529118.0132 
7501060.5973 
1079344.3873 
7784324.8603 
40039252.2740 
7052862.8723 
75996585.4945 
3646630.6516 
75674258.6718 
3508105.8816 
25642541.2045 
27563409.0004 
31296551.0981 
95815357.4187 
23614747.5958 
5463469.7936 
80964810.9479 
91991412.7325 
60938956.4521 
41477186.0860 
94196169.8124 
58209927.0779 
77748076.2663 
52285355.5432 
42303487.7030 
96333592.7634 
28333764.5723 
2004134.1068 
48174084.5855 
54232594.8875 
57205607.8330 
2388960.3837 
64115685.7380 
36104753.1161 
28103801.2622 
95815357.4187 
20881820.9260 
80815968.1956 
5018228.0665 
1472364.0672 
97112613.9611 
76529215.8658 
23310715.8151 
33294243.1472 
33464728.7787 
45591782.4784 
66169637.8089 
5790404.8053 
94289040.7241 
3956602.2967 
3665893.4466 
32233668.1374 
46217962.6478 
2936286.2185 
59940668.8344 
25443754.9251 
17623929.3884 
22360017.7669 
36544242.4501 
16944342.6521 
65354786.2640 
38495207.2641 
70840608.8880 
7660703.5487 
104577149.2461 
66053047.1918 
65186133.2721 
85760530.7705 
69819750.6208 
28827630.3800 
63664873.4294 
70815018.1146 
85760530.7705 
80672295.3029 
49303373.5704 
72434293.7494 
16807653.8712 
4943046.7454 
38338473.6995 
17550841.2292 
2255597.9334 
43208823.3667 
62164049.5848 
60251521.4993 
54099282.0062 
68253438.1433 
76500419.2976 
42877727.8226 
74449494.4850 
51070419.3635 
97237454.4093 
54569038.2601 
56239979.5698 
15601137.2284 
41546985.8710 
97806540.4282 
41300147.4830 
6380194.2281 
71631091.4634 
30422800.7293 
73277514.6272 
70022578.6935 
38243127.9904 
19861982.7717 
18493378.1951 
2587206.8650 
53432067.9740 
36942935.5152 
61609890.7344 
24028422.7758 
70203648.4499 
41145169.2394 
75510482.7164 
21705518.9339 
40144125.6919 
43637527.3214 
56881532.4896 
50846906.4739 
46619879.3934 
82208774.7401 
56527042.6975 
31323920.5297 
22479639.0430 
16085517.6400 
60151971.9004 
70617842.0810 
6193934.9555 
7559541.4716 
8010331.4766 
67983.2731 
4568263.9455 
38554165.1580 
18043832.3903 
69693465.6225 
9016487.0717 
58689307.5568 
54831931.3898 
3284783.4733 
21592657.1073 
911601.7925 
4941829.0863 
10749586.5452 
16713018.5316 
5806369.8754 
20904933.0657 
9906678.8242 
76500419.2976 
5001219.2689 
34548994.7694 
4044536.0031 
71490161.5913 
5195021.2288 
4246274.5170 
13014877.6756 
66827974.2846 
2479926.6955 
78102404.6329 
60428562.1983 
71348574.7366 
12974578.9018 
36601402.5173 
11276242.0610 
42985164.6933 
22699671.1100 
26495986.1175 
55191078.3843 
5570627.9119 
10834620.6638 
55421506.7705 
57185952.5173 
54208083.2213 
62283181.1610 
78711594.2049 
83288069.1582 
10409761.3568 
74467459.4949 
11185010.2922 
28804523.9219 
12080425.1459 
70489376.7187 
28930266.9551 
22837396.4747 
8393929.7205 
3274253.2312 
3419197.2298 
94196169.8124 
39229246.0381 
69343474.5498 
59467027.5946 
64025581.4799 
68171289.7971 
16266118.7418 
106913491.9776 
39763602.3278 
44825590.7521 
26869807.0580 
66289771.5209 
49019612.9729 
23677440.0044 
102922742.0617 
28026929.0107 
67181233.5415 
55178693.3166 
3386922.7216 
2208838.3792 
3277080.8223 
3201746.5215 
2821956.8560 
3717979.5589 
80493673.7818 
2630842.2115 
3568591.0379 
4207175.0843 
3484321.0487 
2209269.6340 
2039874.8823 
2876545.5801 
50647804.8429 
2776066.1441 
13204187.2951 
3600849.3844 
23012356.2929 
13199915.4203 
2176458.0502 
1806719.3331 
64271847.9134 
1846761.8107 
15525414.3902 
3905094.4658 
3994256.5018 
6565488.9390 
13618978.7665 
71247196.7708 
7464157.3190 
11571118.3473 
14924688.1636 
13773539.6537 
9816850.4113 
10317446.6690 
4684744.2910 
4769473.8256 
4857285.5215 
3575382.9419 
10047576.6722 
3946437.4461 
10825039.9800 
4092781.5512 
76662797.6613 
93612610.4895 
45861407.2994 
42891536.5197 
50164956.1662 
63577287.1812 
97643011.4834 
10670160.7361 
18442887.2113 
58488252.7455 
76300510.2890 
4373524.8735 
93612610.4895 
7611954.1147 
20749284.8429 
94431249.4738 
5316326.4452 
51653150.0609 
64130900.2031 
55671590.4951 
35154248.9893 
55399425.3289 
3606234.8036 
16540791.6091 
94350081.8178 
31054922.6693 
13602675.1117 
83365699.0769 
74931287.9587 
20931537.1890 
39530082.9818 
35238760.8468 
8462701.8305 
55191078.3843 
40653401.2747 
63993413.0356 
60584463.7773 
62164049.5848 
33390377.0510 
23579205.5787 
68015842.7652 
36215040.1490 
12952177.2475 
31306256.0412 
6977866.4673 
27676903.3635 
18797912.7285 
47035084.3960 
29701741.3083 
65997655.9004 
30146105.4083 
70611194.3814 
36573079.2488 
31960172.9555 
5898533.6169 
10850366.8200 
12161408.4060 
12136543.8888 
6848724.2931 
12846348.6447 
11062582.0930 
10541918.1881 
36041483.5269 
39530082.9818 
9980431.6734 
10672980.8503 
6247014.9474 
10274452.3526 
43201290.2450 
89319.3164 
83158596.5111 
30938684.5281 
13464732.4482 
59159030.5562 
46114005.8821 
11426420.5812 
11255028.1627 
11354093.5418 
5716845.7724 
5675627.4491 
5793811.4233 
5120044.3216 
9319506.2189 
6372909.6749 
7755726.7506 
8395096.7093 
8498260.7197 
49947428.2731 
3259503.6059 
98992532.2340 
8672828.8182 
90871217.5193 
94289040.7241 
18185728.3110 
11696095.1545 
80803930.5276 
33181352.1861 
40128069.7276 
1182442.4838 
79287889.2009 
43386746.5945 
23717522.1755 
42715516.2517 
43147555.7698 
80677485.7678 
96182663.8930 
30781536.7053 
2983138.3985 
5092568.7118 
100127973.7681 
13880519.4297 
63829556.8438 
4161618.9069 
3498321.4469 
61764547.8149 
4733447.2202 
3862634.5504 
7605689.7974 
88127687.1761 
17608623.7080 
3352488.5138 
10790288.5892 
10907643.8657 
7454954.2358 
9065193.0511 
10633599.8074 
6361082.9982 
6084385.1338 
6657552.5381 
6692279.2207 
6073718.0008 
7611516.6628 
14963347.3610 
5894017.8574 
10385427.3065 
10289155.1058 
16889986.1265 
5786195.8310 
6594325.3237 
5909634.6956 
4253011.4139 
8188558.8599 
5515296.6424 
15574051.7167 
3906635.1359 
1776814.2354 
25547053.0183 
10473924.9692 
6696232.9805 
15680237.5974 
10218809.1680 
9983335.7457 
7838213.8546 
5994157.7904 
6106752.9149 
6941527.4771 
5489058.4478 
7550602.3576 
8811529.8534 
28794490.6460 
11534475.8567 
1029611.1839 
4616249.2959 
12612490.6115 
12567608.5424 
25318776.9347 
7165185.5751 
6815550.1792 
34589968.4227 
8340134.4395 
18537655.2919 
2151163.0965 
3133819.1831 
11594787.3948 
27580367.5330 
25121839.7581 
19419740.3584 
92225134.3159 
9537300.4059 
16528211.4684 
24118960.7567 
30234068.7659 
8011159.1284 
12681029.1997 
14653115.1112 
34548993.6329 
18802582.4792 
38324210.6095 
7886995.1196 
51213239.9071 
24060280.0089 
34962493.5201 
31649647.8025 
9880172.8294 
35086395.8163 
38218837.9058 
17665766.2336 
15971022.6674 
13636335.3149 
36858949.6650 
41460850.9482 
20500172.4849 
24506816.1053 
19562845.5984 
26322077.6319 
26517421.0524 
19227407.4096 
6672373.2760 
34657190.8096 
5456636.2697 
37794162.3751 
5842138.8230 
26581263.9171 
60801997.7496 
28910543.0797 
114649808.2755 
6435787.5396 
6580575.9173 
10857869.2993 
9216921.1735 
7746111.6205 
27950347.7264 
29148721.6809 
5138484.3214 
11264547.0882 
4407150.9607 
4817320.2938 
6068070.7642 
5158409.1323 
5098180.1100 
4246511.6388 
4814865.5063 
2185514.1990 
9382105.8148 
5289233.8898 
3945830.1539 
5868821.2412 
1744749.2659 
23180119.5308 
13819810.7988 
2010024.8454 
7989155.7417 
16444147.4984 
6848581.0796 
1348729.7165 
18560046.1720 
11996499.0017 
9554342.8308 
1261791.0444 
12863329.3667 
12157229.2305 
10972923.6011 
54412966.1187 
66117397.8586 
38095692.6263 
24743160.6190 
20882811.5991 
74930774.2017 
106913491.9776 
25056608.1268 
1823944.0028 
52682349.1769 
4947902.6833 
10528384.7065 
107968716.2348 
63577054.6451 
15982495.0350 
2400567.9021 
11287490.9090 
4831361.2246 
17426414.4320 
2748643.1240 
28256724.9350 
5290986.0999 
5342885.0844 
12578839.7027 
46309093.2200 
2861788.9830 
24833390.1423 
25543668.1426 
8469281.7806 
7423506.9873 
7187478.8561 
26529621.6413 
31958556.5354 
22530848.9507 
62230329.5980 
5541161.4218 
7686610.8484 
6943376.0855 
7612969.6468 
22895281.3826 
55773699.1792 
40653401.2747 
50553271.7907 
9217973.5950 
19389492.0702 
14373002.2633 
2651980.8134 
30002131.2445 
18185213.1523 
6436530.2576 
28557681.1382 
28200763.4363 
35762608.3587 
8526412.6445 
31311024.2060 
18044844.8224 
23075915.2458 
12417898.2356 
7332483.3368 
33658426.3770 
28222923.0908 
31576343.6299 
28386035.6325 
31180656.6031 
3157131.5913 
17951679.6450 
5828912.2281 
2296486.5535 
7249910.2842 
12819892.3463 
18197541.6925 
93915291.9284 
48253133.1452 
3096580.5079 
6420732.4230 
108633032.0112 
100757785.7571 
1069143.7583 
68748393.7765 
39482522.6182 
76991684.0143 
96708128.7771 
31909127.4315 
42923505.6204 
41968773.5570 
86728763.6802 
1896071.8108 
80815968.1956 
43732186.0023 
85288510.1338 
94393492.5332 
6144454.9585 
6980070.0492 
43584545.0817 
1469248.3665 
112866667.9794 
37942046.1576 
7080527.4091 
33580471.3296 
29864876.8283 
47291169.0831 
33367262.6253 
33562514.4213 
11314955.4853 
21055263.6071 
1305575.7917 
76249147.2515 
8980722.4513 
32616549.5093 
109864975.1952 
87469485.4874 
25574216.1791 
29700114.3644 
6619436.5058 
8625230.8712 
829336.8891 
436647.0772 
101661701.0477 
2131317.8526 
68748393.7765 
104656492.5128 
42548925.0516 
10008364.4845 
26469877.0201 
102569123.9958 
114075915.0316 
92370409.6988 
89242310.9154 
88486697.9052 
87678358.6247 
22989641.8857 
87369219.1345 
22443660.7295 
114092625.7826 
103174711.4292 
85956634.0332 
37106319.5149 
87369219.1345 
717151.0704 
22149394.4942 
19093139.4657 
40701838.5720 
109877656.5315 
44560434.8036 
3202817.8290 
77410326.7383 
1904343.5840 
1829125.1863 
1999328.1232 
3076387.2905 
3043391.1312 
10616331.1393 
1121927.1496 
79903312.7820 
83424354.2695 
58648598.9936 
3262787.9026 
39520225.7502 
70568433.8990 
43766017.3194 
11751183.8626 
26864820.0012 
87678358.6247 
25966859.8307 
27789533.7339 
27027536.3171 
1484908.9581 
3172966.9524 
503062.5115 
1868681.5320 
970815.1135 
52774221.7662 
1767210.2258 
50890467.9282 
2779503.7433 
3019312.5012 
113282124.5802 
24114064.7571 
106167860.5832 
22035253.0491 
8147519.6419 
21317327.1115 
12525404.4665 
7848829.5139 
100492975.2536 
14923415.5699 
45722454.1359 
88127687.1761 
66819415.7799 
57055277.9818 
5122474.1705 
82711777.3300 
3884871.4095 
85966056.2501 
8181502.3745 
97237454.4093 
960392.8446 
10136392.7315 
10349909.2022 
13971469.3748 
697288.3169 
109946607.4696 
89908131.2860 
17565109.9202 
865943.1613 
1311713.6042 
1434217.2599 
712705.7284 
1996611.0142 
1489114.1909 
1059399.0165 
36111952.8639 
58380813.3333 
4985353.7469 
52741138.5785 
25661689.9783 
29382370.9625 
13734902.5471 
27976306.0216 
8947705.3799 
38730237.3304 
28612098.1318 
1197720.9006 
78517695.0282 
13412552.5124 
47400994.1442 
34458541.8911 
18797007.3391 
78.6006 
93304082.5582 
1794886.2938 
2520420.4263 
1641583.1558 
3172628.2285 
2310986.8808 
3121540.9019 
1440551.0636 
1624003.8261 
5448938.9881 
1240001.8362 
49771091.0663 
3158373.0922 
56534832.4291 
62503501.4865 
80266002.6275 
63108068.0345 
7007476.4212 
64450520.2255 
85786550.8193 
104913960.5262 
7210405.9617 
18102272.3307 
84101949.0279 
70568433.8990 
65053321.4045 
25266544.1840 
2791696.0985 
4667258.3539 
42062881.7338 
93379214.0356 
109877656.5315 
77793977.2216 
37817008.6470 
73616133.5728 
51488820.7104 
39472864.5339 
82267815.6587 
71165304.6896 
71016571.5211 
74837254.6139 
81416417.6416 
55571778.3994 
24908846.2736 
67536594.6699 
44848832.0997 
92332223.7307 
27407806.1742 
35515317.0276 
79536156.4937 
13960069.4510 
72953275.1789 
19971711.6211 
60733016.3290 
62059075.8211 
91233044.5183 
96507898.1217 
58984189.1210 
84585642.4526 
69356450.0654 
33624506.9066 
8199752.6665 
74387769.5459 
108633032.0112 
1765630.4804 
59479051.1044 
69992113.8592 
68040248.9170 
39106428.0563 
47343110.5809 
45948644.6633 
29325770.2587 
10512647.9873 
114663698.6654 
12003071.8694 
5878929.6113 
39578050.2697 
60864169.6503 
45218520.8504 
33584333.6679 
113282124.5802 
25786573.3748 
49999983.8523 
33824527.4385 
59542478.0997 
50452970.1190 
5160054.1336 
71609427.2626 
75269809.1897 
39997968.2192 
78684294.0518 
60550547.2092 
54364729.1010 
34890933.6638 
40455281.7218 
54297953.3770 
104656492.5128 
73565174.3148 
48197436.2348 
11293652.0526 
25368899.6208 
43520187.0609 
99579828.9230 
31897158.8219 
42225041.6267 
49718485.0589 
56267632.2396 
54710128.4056 
12060600.8041 
52034401.9747 
2802553.1434 
48340084.7131 
53081655.6097 
41526319.7054 
62059075.8211 
94197325.8946 
3530806.1479 
26007342.3419 
19715419.6745 
58913773.8950 
56215611.5908 
24936008.2332 
64253463.3485 
70332171.2303 
114663698.6654 
82405937.7205 
55125188.2717 
93138194.8783 
18035109.1672 
42335169.0770 
19896955.2318 
37165991.3135 
62856683.9056 
37462890.5042 
23894210.1243 
54054492.5595 
60943897.6687 
70314805.7060 
17399762.2485 
24834057.2234 
36910250.1298 
41886047.1885 
71654588.7957 
49695077.5745 
53408973.5002 
696280.8054 
4326486.3237 
1455336.6210 
9071030.1883 
9985696.8897 
31302094.7675 
6377844.7613 
49314532.3543 
25062800.4184 
30588662.2476 
41495291.2596 
57810758.6716 
15017832.3489 
27672322.5450 
29627947.4268 
35441246.3213 
7463590.5517 
30415421.6762 
109946607.4696 
55163675.7867 
21009080.7136 
39450824.0699 
67949470.2964 
46742912.3525 
47088269.3381 
41734665.7252 
26841429.8193 
22954429.0453 
57414318.1194 
12385978.3930 
24837087.8045 
34186845.2923 
38786923.6059 
35762608.3587 
71137766.3557 
42102356.2492 
48948156.2324 
32778838.6856 
34600757.8369 
9952418.4336 
51497719.9474 
57498781.8799 
52211260.6645 
6930199.2887 
3152974.3023 
15810371.2606 
61651545.3416 
32797630.8430 
20683675.9922 
79794825.7598 
41517840.7630 
50435673.2124 
58411990.6629 
55681796.4757 
56946118.2316 
37905348.7895 
42474147.5216 
15688180.7004 
7598669.0426 
9643925.8546 
2689029.0875 
21246763.6617 
6552788.0517 
9424791.4463 
38562528.2690 
52583945.4859 
40393202.8649 
11138672.9025 
2587536.7840 
48116774.9162 
21916082.7782 
102094926.5016 
7266415.4946 
39941395.3026 
67567304.8018 
53657845.7141 
37999093.4827 
3958387.3831 
32408227.7816 
40626281.4322 
20303261.4380 
15563446.1313 
3276199.7841 
25323730.3153 
988562.5301 
22372610.5413 
22594240.5158 
30374854.6347 
4822752.5013 
16450366.9566 
40598648.4776 
54185207.2496 
45948650.1887 
49897123.0591 
46503193.2758 
60801866.1510 
45085043.3828 
32907483.8447 
40735871.9669 
36549804.5764 
37861452.8516 
27167717.3864 
19487677.8164 
2985796.9022 
1550457.3145 
2768718.2818 
2833867.0612 
3028248.8637 
2724360.2960 
2898058.0423 
1710382.2747 
2696487.5869 
62896769.8618 
65820930.9400 
57849068.0385 
60209639.8591 
1124738.7723 
54087476.0670 
39546834.4526 
3256640.0917 
28248190.7638 
61196089.2464 
54228742.0628 
61314518.8083 
54242381.8576 
4019475.2436 
23023444.9785 
34449132.5613 
54087476.0670 
24011366.3966 
40906074.1447 
76529215.8658 
2066516.3081 
932474.3213 
4745569.9746 
76207575.2143 
33793661.6508 
42205713.0914 
55882853.1082 
40853952.6834 
1003326.5755 
36805919.0537 
56946118.2316 
13716109.9026 
64362903.6760 
53892200.8103 
1872334.0894 
10322372.4278 
2773454.6211 
7724249.3162 
61362306.4880 
34070622.2920 
14708294.9576 
9156966.5316 
97112613.9611 
19935634.0784 
74428998.0223 
46362080.7062 
30477538.2852 
27822243.0122 
80317508.4706 
56319866.3265 
15749410.3939 
15156324.4647 
6491691.3011 
4712590.9431 
106347397.9962 
15557363.9293 
83977300.0499 
4226555.0978 
3172548.9495 
29128378.9836 
26284660.2720 
64943565.9643 
3788032.1339 
4384647.7428 
2062204.7661 
1410184.8725 
15342629.7226 
66963766.8017 
16185798.8153 
8470748.5055 
13872150.5462 
2446135.5689 
6134198.2631 
7083770.3870 
22573079.0496 
23828716.1111 
10632181.4501 
4601680.9085 
5663861.4588 
2579602.5747 
24262691.6796 
2378544.7958 
2057813.3718 
43694463.3079 
51564848.6793 
51084831.4151 
55055376.4480 
8124506.3117 
5311589.3280 
7987362.8078 
8381909.6551 
3111977.4096 
2944666.2469 
2749719.9512 
2418124.8006 
1307528.5834 
2141265.3011 
1185348.7564 
1793439.0218 
2571449.5343 
2426863.4212 
2408748.6232 
2151216.5751 
20089121.8526 
7414169.3390 
65375241.3724 
4252603.0472 
9474205.1606 
874527.8490 
9960189.6080 
16306978.3768 
20545170.1121 
57858068.5860 
49444883.0254 
5938809.5793 
45493552.6046 
4624460.9951 
22084315.3991 
42960345.3566 
4746524.2821 
47571044.8559 
27476765.8226 
23107410.2958 
41614067.8356 
30066418.1940 
1672150.2100 
14426958.5444 
14298107.8304 
21190525.9354 
21089589.7995 
36683903.5724 
2825645.0121 
25489412.8701 
1262348.7109 
19758805.4062 
20495905.4049 
13148146.3645 
14642598.6607 
51813817.9486 
10424764.8400 
7883402.1939 
2553093.1094 
31814635.0925 
1155350.0720 
25773192.2049 
21050043.6286 
23221276.6244 
26334595.6447 
73277514.6272 
25563386.7273 
21922870.5936 
20115833.1673 
28245540.1199 
26588277.4219 
31877180.0246 
32292981.3251 
4775062.4511 
35339478.3356 
22914151.8009 
29519525.9059 
7793668.1854 
3596812.8036 
27511843.9083 
43694463.3079 
43694463.3079 
32570434.9765 
56657134.8634 
61391397.5234 
68062528.5617 
18406394.8250 
9237523.6415 
3823227.5047 
18389667.7674 
2872217.1560 
50220799.9421 
4216620.1817 
47906174.5330 
33454388.0719 
53569275.8510 
11046953.6877 
15023451.2029 
7993616.9265 
22732857.1344 
30923842.4662 
21494907.5094 
21104814.3167 
18485055.9919 
29055351.4719 
41526437.4834 
32569421.5400 
22151321.9436 
16795694.5292 
12990800.6691 
14498126.9538 
15261946.0316 
19410389.5091 
43694463.3079 
26616889.1874 
32903246.2372 
29154086.5889 
29364897.1790 
31318902.5195 
66201774.5795 
47605232.4415 
20337614.1536 
20339745.3111 
35093035.5386 
13738580.7251 
40652034.8029 
24930108.3773 
48161007.2022 
49590143.2492 
27869700.1076 
19538297.1584 
22938122.7013 
40360947.7835 
44723930.8047 
42049289.5691 
4569773.0347 
38786923.6059 
44310992.5459 
39269344.8568 
23835999.6968 
16128137.5764 
49556678.6289 
2331259.6922 
4226367.8220 
40960046.6559 
58438854.3734 
2778621.5826 
2553093.1094 
4611787.2370 
17084737.6124 
53657845.7141 
12624441.9420 
1962079.5073 
20223185.9918 
15243213.1179 
11782882.9032 
9019266.4281 
3949800.0210 
25700507.4135 
8929145.3702 
11330650.8984 
44795437.2239 
4491428.8025 
57916951.8578 
21005103.5486 
933918.6027 
19932724.3684 
42747562.3519 
31976363.0866 
3595831.3024 
6167270.1061 
11265551.1873 
23505752.0628 
12457865.1935 
66266657.5285 
18459599.3080 
5104322.1700 
11164469.7847 
5118942.9132 
4821623.9945 
16234565.0723 
55681796.4757 
4550702.4182 
29906446.9168 
12308557.5959 
23497147.9086 
48172342.7232 
57916951.8578 
49402882.1920 
13426004.0020 
38792661.0094 
39030789.6453 
31929762.9823 
55311962.7287 
7615320.1619 
36277504.2927 
1914604.6836 
31515716.9808 
17842731.7949 
46414262.6365 
2494804.0326 
45117199.7158 
64829784.4127 
14611157.2711 
5293425.5699 
28525356.6394 
26548842.4707 
14499082.6601 
16879325.2097 
39157631.2120 
9111817.9764 
36287061.2788 
35769653.6663 
25674523.8297 
22560794.3928 
35960882.4387 
30746812.9566 
31614514.8634 
49508440.9410 
6402589.8807 
20243136.1888 
25200372.3600 
9861740.1885 
14185947.5517 
5442393.6645 
30019158.9951 
36100365.1733 
5378431.6414 
32826838.6757 
36126634.7171 
37692234.7758 
26165243.9238 
8965275.5706 
29633548.3556 
21254379.1649 
34010241.7122 
18507196.8568 
11798541.9105 
29730796.9856 
19544501.8514 
6181955.6630 
31778001.8077 
29556512.6921 
39155280.6125 
35267371.6185 
11612445.3183 
10793272.7058 
4834361.8167 
33996257.3031 
14592707.2062 
12975670.1915 
3899039.8222 
76597026.2976 
45271582.2155 
8791579.7654 
14941679.8452 
12027332.2603 
5637924.8984 
20401699.7555 
12807724.4244 
46323526.8151 
4982011.8977 
13637407.1980 
14631822.6069 
5050501.6869 
20364744.1727 
11963857.7149 
21802168.6802 
37395781.4729 
23320885.6856 
23596705.6750 
27172556.7476 
33954044.9549 
11936755.1080 
6413329.2625 
13011948.8242 
12680181.2588 
13121680.7856 
11910970.0982 
12137426.8969 
11618864.5608 
56992331.0086 
6590798.4428 
23010922.2863 
9340545.7827 
3682449.5837 
3482734.6975 
1827109.1522 
3457904.7773 
22613589.7177 
9528802.7274 
3911962.1383 
43694463.3079 
11835675.9066 
6927878.7057 
12388830.1114 
8514289.3475 
9552423.9820 
11374066.1207 
10613288.1488 
5257613.7877 
1284527.9665 
1380847.7694 
6118268.9879 
2318084.1930 
64291936.2685 
7919708.3212 
2619981.6574 
35457993.1394 
31650475.5467 
29517892.9668 
10613288.1488 
5334741.2736 
9683141.3646 
4974725.0131 
8723218.2863 
5466066.6729 
6796300.6435 
7543283.0761 
8109827.4249 
5901276.2909 
8298960.3556 
30257961.9589 
5198923.1084 
5428123.3522 
5499912.2731 
23587411.6205 
2620275.6347 
7941141.1258 
4549620.7910 
10519173.6269 
43546754.1472 
15366103.2943 
30257961.9589 
899086.2768 
30735829.7773 
10811885.4724 
9250024.0660 
5528926.4529 
5278875.8848 
6338947.6888 
8289351.3128 
5589790.1067 
6421124.9279 
4568159.7482 
9568254.4526 
8883311.0951 
52212535.6626 
5163829.9302 
5765248.0593 
3431474.8971 
3559475.9594 
5067137.9668 
3245237.8507 
7736198.9285 
56510243.1369 
1944010.8600 
15663840.1180 
5361215.2385 
9855907.1073 
23096211.5655 
4568159.7482 
2909693.4861 
9475217.5160 
8513034.5878 
6904440.0686 
10349099.6518 
43694463.3079 
1148240.8314 
6995495.6485 
1988689.6735 
11470659.6139 
5776844.1034 
65714370.2054 
36853291.0915 
24357390.5865 
5984149.2852 
1177738.9883 
1454087.0663 
3779395.3748 
6764850.8389 
1920523.3624 
